# Defining parameters
params <- list(
  mu = 1 / (70 * 365),
  rho = 0.7,
  beta_r = 0.0044,
  beta_s = 0.0066,
  gamma_r = 1 / 365,
  gamma_s = 1 / 100,
  alpha_r = 0.0044,
  alpha_s = 0.0062,
  omega = 1 / (5 * 365),
  eta = 1 / 15,
  lsr = 0.05,
  lrs = 0.03,
  delta_sr = 0.01,
  delta_rs = 0.01,
  c = 0.5,
  m = 10,
  Nh0 = 10,
  Nv0 = 5
)
